01000111 10011. 19

33131313 300133 3311301111 1 1131 13110 lli. quaiunque 10113
31 1111 10. 0111 1131130311311.103311011 13000, 0 10011301010 ,
311130131 13101111 031 1310 31110110 An. 000 voglio 3113 31-

1111 3100 3113 superior 3003111313 di 3330 311101110, me 3113 03
13311 1001300 due 0 1131111103 1313 303110 1133 esser 1101300
11130003, 1300313 11 31 10311311113030110 11 1330 30113 bocca
Ci) 31110311, 3 3313011011 3001310 13110 ΕΗ, 301 13031311 tnr-
11103 1 1310010 31003010 1131 3310 dei 13000, 031 1333131133110
3113113, 3113 0313313313 10 13110 33 03 uscire 0311010101131
13000, 3113 03131ὸ 31 13 alquanto 011113100113113 0103331131131·
1331133111013 di 13110111. Dato 133110 3113113, 3 11111310 11
13110 3113 1130 30003111 sn 1113000301 330 10111103, 31 11101-
1311 11 1330 10110 30113 110333 311 100111, ed 31130030110 31100-
3100 11 nn recipiente 113 103113111 1130110 1303, 0 31113 103-
13113 01313, 31 3311311311 13010, 3113 11031103013 13 superior
3303111313 Ε1 113110 13110 31 313331131111311101311013 1131133003,
3113 quale niente 11110 13 130313 congiunta 0113 13 1300003013
dei 133110 3 di 01131101 tornamento 113110 nasio 100 10 3003111-
313 1131 1111011101 10 01101 1331313113 (1.1Ι 1033003010011013111111101
prima 13001010 300 03331301- 0101110 0330 31 1133131110 0130331
10 taffo 031 10 rannone 00311110 11 [0101000101 3 0333010 001
10 13110 301 13110, 001 1301013013, 3300 31113113 11 33111 1130110,
3 1131103310 01131 0330 (misera delia 1311113010 31311 10131110 103-
tamenin) 1101 1110003013 0310, 31313100 13 1013011111 delia 10113 del
1330013 33 311333310 3 00 311101110 di 0131010 Ι0 111 cristallo
010330 quanio 11 311101110 1131130003, 03111 1313 3113 insieme
3010330 0100110 113111313330 1031010 0 311313110 0313001 13 013-
1111 di tutte 13 001010313 11303011303330011111310110111,οο-
113100 33013 vernn 11111111103113101313, 133013130100 dei 13300
13031 13 03111 del 0131010 3 311313110 0300100131013 000 113-
3130110, 3 3113 031 1010031101113000130010003111003111010113
31113113010 0330, converri dire, 13 13313131113113113300 esser
delle niaque 03111 003, 3 131113 quadrupla di quella 1131
vacuo.

Sur. Non si 0οὸ 030313 3113 11013011003 000 313 10-
0300033, 0131110 031 30003113 3 010113 1111130111 3113 me 10
13011000 1111111113; 03131111, 3111 31 33313013 3113131111 0011 003331

 

