(3333333 33313. 511

ini 1331313333, 333 333 31313333 muto allatio, mi 31133331 3
questa. Ma 13333 11 Sig. Simplicio 3331 (quello che fin qui

333 133 incontrato) modo 11 333113333 1333113331333, obe 13 ,

materia 3331 3313333 131 11133311 31 333333; ebe 13 3333 quel
3133 313 qui bo lello 31333 13 3331333331333, ὁ 333 333 3331
13333, 3 quel 13113 33331331333 3331 3311113, ebe la 3313 131331
31313 questo non 3331333313 3 quello 333 3333133. Ι

Sibe. 13 333 31333 11 3331331333, 3 13333 1331 1313331
331133 3331133 3 331131133, 3 13 33311331333 13 (333313 nuovo2
perche secondo 333313 regola 3133313 11 33331 potrebbe 33-
331333 311313333313 333 mole 333313331113113 13 13333, 3
13113 13 13333 3331333333 3 3113333 13 minor 3331311 333 noce:
3333 che 13 333 33313, ne 33313 31333133133133333311313;
3 13 33331133331331 3 11333133313313133311311313 331, come
3133 333 3333 13313333113133 33133113 3 33333313 13113 materia
sensibile, 33313 obe 33313313 3113 materie 11313133 3 33133311
333 camminerebbero 3333313 3313313 333313.

Salv. Che 13 31 313 333 133 vedere l’ invisibile, ne 1313
333331 1333, 3133313 331 13 31333311313, 333 333 quanto 131
333131 33331 33133333333333333, 31333131 33133313333113313
1333, 333 33331331 331 13331 immensa 11313331333 13113 333
333111 Non 33 33 31 313 3333333 11331331333313333133133-
3333 gli 33131131 13 333133 1333113313, 11 quale 333 ὲ 33·
33313313333 33333 13 superficie, ma 13 33313313 1313333 e
3333313ς 3 11 modo 131 33313313 11313. 11311333 33 31113133,
3 3313131133333 veiga di 3333313 lunga 31333 mezzo 13333-
313, 3 333333 333 133 3 3331133 3311311 1113 3311133, 3 333313
13133333 333 133113 11 3331311313, che 333313 33333 3331 331-
111331333331 va vagando per 13313, 311 1311 133113 33 3ο-
33333333333 3113 3 11331 3333 31111333133133 1, 3331331333
3 1133313 333 13333133333333,133331313 3333333 3331 133113113
1111333, 13333313 3 13313 313333333 molle e 333113 33113 333-
3333133313313 333 1331 3113 angusti, 3131131333 333113 3333113
3133333313 13 31133333 3113 solligliezza 11 33 capellodi 13333,
se 333 33331333, 3 13113313 3331313331313 superficie. baseio
333 considerare 3 331 quale ’313 Ι13 331113113333 3 11313331333,
3113 quale si ὁ 311311313 33313333 1311333.

 

