1311 01110010 0011000000 serenes

8110. 11· 100110 1101110,’ 810. Simplicio, mi 10 0110010010
1100000011111000110 100 000 000011110 011100, 0010010 0000
000010 0101 010 0100011 011 01111 0011001100011001101- 0010011010
consistere 0 00110101 000 10000 010 1 0110011; 00111 0000110110
quando non 0010 01 0001000000000011011110 0110000 ed 01101110
00111, 0111010 110110 00011 e 11 000100010 11 0100110 011 00010000-
000010 0000, 100, 10001010 10 0110110100οΙΙο 00000οο 10100110-
01010 01000111001 001 0011 istesso 010110, 0011 0111 000001100010
000010101011000 10 0100001100 101111010 01100110 00000110 010·
00111000 01 diminuisse 10 01011111 detta 01010110 detto medesime
00000 000110 110110 00100 odi 01110010 0001010000 01 ab·
110 011 0000001010 0 di questo 0000010011111110011101000100
,10 001010 00110 10111100 dei 00001,10000110011 10 0000 0 10
00100 000 solamente 00001 10001010, 010 0001101000 01001111.

81111. 10000100, 810001 50101011, 1100010011011 000110
discorso: 001 001010 dire, 010 001 essere 101110110οο dei nesci
1010100010 1101100000, 10 00010 001 10 000 0010010010, 0, 00010
01111 vogliono, per 10 000 0100111, 000010 11 0000. 0100101010
1000011001 (1001010000, Ι001 101 1001000 10 materia dei 00001-
010 00000110, 001 00010 00010010 1101100001010 esser 0001000101
100 000010 000 10010, 001011000οᾱ0 1000 11 10010 110110 000
01001010100000000 0100111, 0100110 perd 00010 1101110 10
10110110-1101100101010 Ε 011 diri 0110 000 0001010 di 101000,
grande 0011010000 11000,·000 0001 0000100100, 0 001100000
000 vada 01 tonde? queste dunque-nnn deveniam 00101 000·
sistere 10 01 00010 01010. ·

8110. 101 0001000010 00000010, 0 0011100001001000110
1101110 11110011 00 00010 000010010 01010 1 00001, 0000110 01000
1010, 001100000100101111, enon discendere verso n 100110,
0 0011000101 0110 0000111010 00010 101 000101010110 001 000101

’81011 0110010 10111011001100 000010011000.

8110. 000010 dunque 0010101 100001 10101010 00010 110-
1001111 0 10011· 00000 e 00001010011001010 argomento, 11 0010-
00010 110110 101 01010 00100100 0000001101 10 0100111101000110
1101100000, 01 010 0010 0001 01 1100000 010000 00111 0111 01001
1101100000, 0000000110100010 1100000 010 00 00 01000 01110 01-

. 110110010 0100 01001, 0001ὸ 01 00000 00100010110001111110. se

 

