³22 01110001 nenne nnnvn 0010111

3100. 10 0001 10010 0110 010 10100111000 0000101010 nn
01010 pendente 10 00 filo 0110 010 1010101010 Ι0110, 11 0001

’ greve 111000001οΙ 001000110010 001 00 0100 11 000101100110

grandezzn, nnn maggiore dl 000 000110, 10001010 10 11110111
000010 0 11000000 01110 ’01 001000110010, sedendo 01110110010
. 0100 000010 10 000110 10110 00000 ;· 1010 1 manifesto, 10 00-
1110 1011101 10110 10110 10100111 0001000 00110 0000101ος lm·
00101000111 001 montane 1000010ηο 00110 11 00101010 10
’0101111101 mobile, mn hene repugnando 000010 0110 001110,
10 0000110010 0000 mobile di 000110 10100111, 10110 00010 nelle
00000 10 veste.

8101. Se l'esempio 11 000110 che 10 11001110 grave 00-
0000 01 filo, 101 00010 011 00111000 0110 0011001100 0οῒ 11000101
(10· 010101 passati, 0001100000 01 000100100οο 0001 bene 01 0000
101 00010 001 11 presente 11011100100010001 01 00010010 0110
101111, 010110 concludente serebbe 11 discorso 11 V. S ; 010000
0100010 110010000ιο 1101010 110 queste 100 0001011001, 1100
110 000110101001110 grave 000100101οΙ 11100110 1000101010
00010110 0110010, 000010010 00110 0110001010010101 00101110,
00001010 impeto 11 11000011010 01 (001001010010111011001001-
10110,01’011100001011000 101 0010010 legato 01 00 0000
1011000110 001 100011010 101110 0 01000010100101111; im·
, 00100011 10 000010010 001 10 0010111010 00001010010 10100111
sinn 01 001000110010 1010111010110 0100110 0101111, 10 00011
1100000010 11 00100011001010 11001010 00110101 ascendere 10111
1 moto contrario 0110 0101111), 01 elle 10110 1010010 0000101010
00110 00000 00101010 000 0100010 (1000100000 1 11 1100010110
000 molo 01010100101010 0 001 0110110. Μο 001101110 naso 00
0100010000 11 grave 0010010 01 0000001110 00010 10 001010,
000 solamente 000 10 101001110000101010, (00000 10 000 grn-
1111 000010, 10 00010 0100100001οεί 1010 00101 0010 ogni 10·
01010010 11 essere elzate 01101110 000 0010011000, 001100111 10
’10100111 0000101010 000 11010 000110οῑ0 11 0001010 01100110
001010 10 00 100110 1001010010; 101011 00 00100 1’ 1010010 000-
101110 01110011 01 00 grave nnn 1101010 0000100100011 00-
· 0101110101 0 1110110101, 0001 000 01 1111010 10 000110 00000-
10010, 10 001 0101111 1101000 00110, 0000010 0001100000010 101

 

