1110011111 1011111. 11111

011010001110100110 110011101οη0 10001010 10 scalpello le 10-
100001010 sopra 10 11100110, 100 quando 10 0111001010 11000010
senze 0111110, 000 1001010 10101101010010111011 1011 virgo·
10110110111000101101 01110 10110 10 00110110, 1110010010 010
000 0101ςί010 01 010000 1010010 10100111, 11 01111011000110
11 10000 01 pili 00010 01 01 11111 grave, ed 00001111 1 segni
10111 00100000 111100111000001 pil spessi, e quelli del 11111
grave 11111 1011, 0 101010 000010, 0000010 che 10 0111001010
0101001010 010 10110 10100 11 1100000 1001111010 10100111 0110

nel 1111001110, 01 0001111011 00000 01110101 1000010010, 010111- ,

1010110 si 101010 essere 001010 1001100001οεί, 100 0001110000
- 00110100 1101010, 0 000 00001010 010111010010001001ος 0101-
110 0 011 00110 0111001010 sibilanti 0001110 1101001101 11 10110

10 pugno, e per 10 10000 000110101100110 rigore. 111 insom-
100 si vede e senle 1010 al 1011010010 per 0111111010 ohe sae·
10010001 001 1101101 sollo voce 0 nell· 1010001 110111 00000
101110110, 010100010010 1001011 liele 00010 10101010 11 00000,

000 000110100 00110 1010000110110000 10101 10011010010 01- ⁸
0000, 11010110 1101101 10 000101011000 101 1101001 grande
0110 000110100 farsi 00110 101101001101011010101101 001 10011-
10110010101000,0100001100 10 10000 110100101110110.
110 0000 talvolta 110 10 00110 101 cimbalo 00101000 100
unisone 0111 100 sibili 1011101110010010 01 10010 10110011
pili 1111010011 11 10000, 101 quali due 1100100100010110101000
101000101010 10110110, 01010010010 1101 gl’ intervalli delle
virgoletle 10111100 0101101110 0111001010, 01 101010 1011010010
elie 0001ου010 (1001001000101100 011011 10111100 0011100010 110010
1011’01110; 110010 1010100010 ὁ 10 101100 0110 01 01111101000 0110
1110110010.Μο11111,1111010 0110 11000010 11111 010011, voglio 01101-
11111 0110 10110 110 01001010 1100001110 11 00000, 1100110 che
101 11101110 0110 0011111101ῑο 10110 00110, 000 pil 1011111 1010
0111111011οἱ 01 peso. 1011101000οὲ1’01101111000 111000 10110 gros-
0000011010010 0010 quando le eorde 01000 10110 1001001100

-10010110, 0 0001 000 011001101101101 1011010 1010 00001 11111
110000100111010110 101101110111111 10100110, 0110110 0100101100
1111110 01 0100101000 111010; 01 00011 011000, 11111 1100001001110

,10110 11 11101110 11 011000. 1Ιο 00 10 10111 101 1011010 000
1111111110 11111111. - T. xlii. 11

 

