’ 0101111111 0010001. 113 .

111 0010111010 1101000οῑ1000 11 0000101100, 00000 110
0110010 0 01110110 001110 ΑΒ (110. 11), 0000000 10110 0011001111
0110 11000 111, 0 000100010 10 100 1111 1111,111. Ε manifesto
0110 se 10 0000001011 11 10110 101 111011 000100010011010110
11100010 11111 0110100111100101100011110100000010 la 10011
101 000 000010 000 banda, e 101110 101101110 101 00010
10110 00000001000 C, 001 011001010 10 00100000010. 10100-
100101011 0110100 00001 divisa 10 00111 1101100011 001 1011· ,

000 11, 0 010 10 00110 DA 1110001010, 0 1011110110010;0100· ·

01000111, 10110 101 divisione, 10 00111 101 0110100 1001100 001
0101001010 0110 0 0001110110υο 1100011001Ιο 11000 Η1, 0000001οη10
000 00 1110 ΕΙ), 1100010 10101010 001 00010 Ε 00010000 10 00111

101 0110111οΑ11, 11111000 1 10 1011110101 0110000 01 0000010
11111 veruna 10001 1001011000 0οΙ prisma 11000110 0110 1111000ίο

111, 0110 10010110011001001100 stato 10110001111110. Μο 00110 100- -

1001100 000111011000 10010111 000010 00 10 00110101 0110100, 01ιο
010 1000000010110100 0011001111 000 11 1111 1111, DE, si 00001110
01 00 001 1110111, 00010 1101 010110,0 parimente 101110 00110
1111000 mulera 01010 0000000 101 mezzo 0 000100010101 1110 11114
10101111000001 1111 HA, ΕΙ), 111,010001011 0010 11100 GL, F Μ,
100101111010000 0001111110, 10110 0010001010 10 000000οἰ000

’ 101 0001011. 01001 101ῑὶ001001 0 considerare come 001 ab· ¹

110100 100 gravi ΑΙ), 1111, pendenti dai termini (1.1111000
libra GF, 00110 00010 01 10 1000111110 101 0001011,10’10010
0110 101101001010110 000000010ηο 101 grave ΑΙ) 101 00010 C
110 11000116, 0 101110 00110 CF 1 10 1101011101οΙΙο quale
00010101110 0111101111. 110010 dunque 0010 10 1100011010, 1011
11010010 0101 10 0101001100 010001110υο 11011 1010, 0110 hanna gli
stessi 0001, ma 0011001010010010 01001, 0101 0110 10 11010010 GC
0111010100010011 0110010 1111 01 0110100 1111; il 0110 0101010100
0001. Εο00010 10 11000 GE 10 meta della ΕΗ, 010 EF 1001110110
El, 0011 10110 10 GF 1001111 1011010 Η1,0 0011, 000010 0110
CI. 01101100010 01110 0010000111, 0011 10 1110000010 GC
’ 000010 0110 1101000010 Fl, 0101010110 010000010000010010
101111, 0010000 10100 GE, CF 0000111] 0011, 00100 GE ad EF,
0001 FC 0 CG3 ma 00100 GE 01 EF, 0001101000100110100-
010, 0101 HE 01 ΕΙ, 010111 0110100 AD 0101100101)Β; adun-

1111100 11111101. - T. 11111. 11

 

