321 31133333 33333 33333 3333333

13333 DA alla 33313 ΑΕ. Per 13 33313 Ε 131333331 3333333 33
31333 parallelo al 33331313 1111111,11 1333131333 3313333 una
3331333 313331333, 11 331313333133 313 13 11333 111111. Ε 3333133
33333 11 313333133 111 331 33331313 lBK la 11113 perpendiculum,
333311 33333313 33113 BD 333313 31 3311333313 13113 33113 33311
ll), llll. Ε 3331333313 331 33331313 superiore, 3113 s' 1313333 333-
3333 3331 33311111111133333313 33113 11333 1111333331331
3311333313 33113 33311 GEH. 31333333 11 33333313331131111 al
quadrato 33113 FE 113 13 3333331313 333333ιί333 313311 331133-
3313 llll( al 3311333313 GEll. 11333333 13 1133311113 333311313
3113 1111, 3333 13 ΕΗ 33331331131111, 3133 333 333 3333113133

. 3 333311 331133331311111 31 33113333131111113333 13 medea
31313 3333331333 3133 13 11) 3113 GE, 3133 333 13 1133113113

adunque ll 3311333313 llll( 31 3311333313111111, 3133· 11 333-
33313111131 33333131Ἐ,133 13 3333331333 33333331333313313333
DA 3113 33313 ΑΕ,31331313333333 31333313333. , ’

L’ altra 333333131333, 333 3333333313 31 3133331313311313,
3331 1333313 1333113313. 5333133313 13 parabola (Flp. 137) 33113

33313 313 3331333313 fuori 13333113 13 11,3 33333 333131·
333113 3331311, 3333333131333331 333331131311333 1111 33-
3311313 3113 13333 31 3333 33331313. Ε 33313 13 DA 333313 3113
33313 33113333 CA. 3133 3133 -13 33113 113313 per 1 3331111,11
333 3333 333133 3113 33331313, ma fuori, sl 333 3313313313 13
13333 3311133333 33313 11. 1333333333, 333 3333113113, 333331
333133 333333313 333333 3331333313 333333313 33113. Ε3 13 3333
313 33333 333131333113 3331311, 333 13 3331333331-13 33113 111111.
Ε 3333113 11 quadratum 3 333331333 331333333131111,3333-
3133 33333331333 3333 esso 33333313 ΕΕ 31333333131111,3113
11 33333313 GE al 33333311331111. Ε 3333133, 331 13 3333333313,
11 quadrato FE 31 33333313 1111 313 come 13 1113113 Ac,
adunque maggior [3333331333 33 13 ΕΑ 3113 1111313311 333-
3331311Ε 31 quadrato 1111, 31333133 11 33333313Ε1131 333-
333131111133333333133 331 1313333111 DGE come 13 GE 3113
333311313 1111,3331 31311113 111111 ma 13 11333 ΕΑ 3113311,
3133 3113 ΑΙ), 33 13 3133331133 3333313133331133 3311333311
ΕΑΙ) 3 1133333311 31 All. 3133 31 quadrato CD (3133 3333313
3 1133333311 31 All), adunque 1 3311333311 ml) 3133333313

 

