328 31113311 33111, 11311, 3313111

311313 uo peso di cento 11111113,1 313313 1111313113 333 ’13
quate 11 3131331133 peso 1311333313 libore natea 13 111331133-
31331313 1313313 3 33331313 11 1313, 1331311 3311113 113133313;

1 3333 dunque 331113313, come 13 33131311 11331 11111113 11 1333

1 1313313 3 33331313 333 1331313313 31311313313 3 (133113 3113
113 11 1333 11 33313 11111113 per esser 3311313131133 13 33311313
- 333 3311 11111 3113 131 13133133 1311313113 33333 13113133-
113313. Ε 33 331 13111133 13 1331313313 131131333331131131·
11313 o 1111113313, 31 ch'e 1111331311313313131131311333313
11 1313313 3 11333113 11111331 peso morto, replicando 311311
11333133, 1131313313 11131313 13113 11331 11111113 33133113 per·
133113313 33331 1313313 3 33331313, 31 come 11 111133, 13 33-
conda e 13 13113 13113 11 1313, 3 33133 33113 prime 13 1331133
13113 13113333 spese, 3331 33113 seconde 13113 13 1331331313,
3 33113 13113 1311331331313 13113 13113333 33333113331 1331-
1111131313 13 13313133131313113113, 333111313 1331331313 131-
33333 13 13111 33131313, 133 331 333313131113313133133313113
per· minore 3 1313313 ⁴spezio 333 3113133 113131113331 3313
1313 3113 331 1311333131133313 133313133 33331113, 1313111 13113
13133333 essere 13113113. 113133 33311333 3113 3111331 33331·

13113133 anche per 33 31113 13133, 1313113131 premente 33313
13133333 333313 3333 333313 13113113; 131131333111 quando etta
331313 13 1331313313 131 1313, 13 3333311 333 131 quello 313-
113 3313 3113 13 3131133331313 13 13133333, me 3313113111 11

333313113 13 infinito.

. 8131. 13 1313133313 333113 11 progresso di V. S. 3331311·
3313133113 1111113313313 31113133111311333 13113 1313 33331
131 presente problema3 313 perche mi pore pheta pereussa
13333 essere 313313 13 13313 3 13313 13331313, ed 311113313 3
tante 1311131111 1331113313, eredo esser necessario 3313133
3311133313 3131333 313333, 1131311113313 13113 quati potrebbe
311113113 133313 3111313111113313 11 13113.

8111. V. S. 1133 benissimo, 31 13 11 gio* mi 3133113133·
3111313311 3113113133 (13313113 ceso, Per 333 13113311 1113313
3113 3113 13113 131 accedere 3113 1’ 3131311333 13113113113313
31 133313131333, non 33113 11 13133333, 133 33113 stesso per·
33113313; 3 3331 dando sopra 333 ferma 13331133 33 33113

 

