ι 11011111 011111. · 1111

11 (1110111101100111010 0101111110 ,11111111 11111111 111

come 1’ 1110111- 11·Ί 1111111), 1101011111 01111110· 111 0101111-
110111 1111· 11 (101011111010001110100110-11 11101 11 0111
f 11, 1101011 1 01 ana 11, ohe 1 1 intento. ’
111- 011, 11111111 11· ragione di 11100110110, 0111 101
11111 (11111101111111 1111110 111 0000101 01 1, 00110 00111
111011 01111 0011111110 01110 (11 1011 011111ςο 01101 verso
110 001 111110, 1110101100110 11 11000111010111 101110
11101110,.10110,0011111110 1110 001 011011011 111011,
11111011 1011111001 001 1’ 1110111 101 11100 11111111101 mi·
1111 (1011111111, 0 001 1111110110011011010 101010101 10110,
010 11011101011-1110001110..110110 10,Ι v. 0.,11 1011 001 11
11010.11110101 11110011 1001 111110 101101, 011 10111 011110
001 11 1111011111111.101101-1101100111 11 1111011111 10110,
111111111111010 11101110011101,-0111 11 1101100111110 00
10110 11· 0110 1111111110011 11111010 dodini 001 11101111 011,
11 (01011111011-111110111010, 1111 01101101101111 11100011·
0110110111 veruo-one 0010101110, 11 10010011 straminea
0 01111001111 1010111 111 quanto 11 00110101 011, 01101, 0110
tanto 011 tammum 1111011 basso, 0 10010 (1010011110
011 1110, 000110 11111 10010 0111 0001110011 101101011011110·
111110100011-11111 1111010111001110 1111110 11 1111 11 100010
011 11101. 0111111101,.1110111111-·11 1110111111· 10111 11 11111
ι11101(0111,00111’11111“11110.·11 parimente 111110 0111 111011
0111110111 110101111101101111110101111001111 larga, v. g..
11110,·0110111100110··11100 terra 101111011011110-1111010 ,11
01011001110110111110 1011110 11111111 1011011111. = .
.. 2510ae 110111 101 101110· gusto 0111100111011111110001·
11111101111000111111011010 00011110110111010 1101 101110
11.11111111.·ῑ111 111- 0100011110 1000110 011110 veramente non
01010· matreque& 1111111011011 0011011 0001111011 11
10010111110111 1101111110 0111110 0110111001ιο 101 111101-
1111 a 11111111 giunta 1101111111, 011 quei 00101, 010 11 11001-
11110 101111-101-101111111,101 1111010 100011 1111110000111
11 0011101011 istesso 011010 100011010 01111110- (10110 100011-
011,0111 01011101111110, 00110 100111 10110 100011, 10110 gran· .
11110- 11 Ι1111110 11111, 111111- ‚cognitione gli 001 1110111,

 

