88 01111011 01111 111011 10111111

Siai. Sa 1110110 a, 001110 100111010011111110100111101
1101010 011111010 10111 10100111 101 1111010, 1100010 1110110
10111011 11011 11 1101110 001 101110 010 questo 00 passa 01-
10001011 ’

5111. Μ1 0101110110, 811. Simplicio, 1111010 amandus
1101111010 0011* 1110110 101110 1 1010 111111,10011101Ι 1111010
11100111110 111 101100110010 11001011011,1101101 101111
1’ 0100 11 10110011, 011 110111011011110 111010101111011010
11 010110 110 1011 11111, 100110110 1110011 (11011101 10111-
10110 011011 11110111010 111 10100011 101101010111 iaspa-
110011 1101110 011 01100110; 1011 001110. 51111010 11 10111010
101 11011110, 1.1,0101111011 11011 111 101101110010, 011 11
1110101010 1110111,100110, 0 passando 01110 01 101101110010
quasi altri 0101111010,10101110 10100 di quasi 0011011111,
01110101010 101 111101111011011010101110 10 11110 minore
1100,.000011011010 10 110 1111111011, 1010 1100111001011
1110110,11 111000 100111011011111111010. (1110101111 11 1111
1111111001 11 1010110 100111 011111, 10010 (11011111 11011111
11111,1110010 (11011011 0101111111 011 10011, 11 11001, 11 11111-
110; 110101000110110010 10 10100111 101 1001110 11011011-
110 110100010, 101011101101010111010111 11 passando 100·
00111111001011011 10111101110011 0 minori. Ua 1101110, 1001
1’ istesso 0110110 11 11 1111010 pendente da 11 11011110111010
11010,1111001010 011101 1111101011 1111011011 11 0001100
1110 1111010, 00100 11000 0110, medianae 11 sua 1011010111, 1
1110111 1’ 01110010 1011 aria: 001 11110 011 11110101111101011
1111110 110001011 1110010110 101011011011 11111 1010,’01
01011100001101 100111 10110 1111111001101 1101010. 0110 ὸ
1010 010, 10 0100110 11 1101110 10111 10 010011 0111111110
11011, 11 1111110 10 11111 100 1111001, 11 1111010 1110111
111 10110 101 1100111 101 00011011 110010 111 11000110 010
11 1111010 passi 1110011 0101111011 (11101011 110111011111
11101 11 11001 0 11 101, 0 cosi ia 1110111 tempi 011111 1111
10100011 11011110 01 011 11 111101ος 111 10 111 stessi mobili
1111011010100011,10110 1 0101011111 101011 01101111011011111,
101 1101111000ῑο 11 10111 1110 111011 01101010 10100111 1010
01101.

 

