moenem 13133. 79

3133 33311311 11131311131133 simil progresso troveremo 13
33333111333 113 13 33133111131 1331331313 mobile in 1133131
mezzi 113111, 33133333313 333 13 diverse 1331313313131 mezzi,
me considerando gli 3333331 11 3133111131 mobile sopra le
3333111131 mezzi3 v. 3., 13 313333 (1 mille volte 311 31333

, 13113113, 3 11331 311 1311333331 3133333 divisele 33133111 Ι .

333313131311331333313 mille 31311, 33113113, 3113 3113 33
131333 13 millesima perte, 31 33333331333 31311 333333313
33333133333, 133 331133333 333 333333313 solamente, es·

33313 3113 133333 311 131133 3313 13 1331313 33113 13113333 . ¹

3133111, 3 13113 13 (3111331133. Poslo un solldo poeo 3111 31333
1311333311, 3331 33131113, v. 3., 11 13333 11 rovere, une 33113
131 33313 3333313, 1113133, mille dremme, eltrettent’eeque ne
3333333 333333313 113333313, me 13313 3313 33 3333333 133, e
manifesto, che posto ohe 13 33133111 333 33331313 1333311 mille
33311, 13 3313133133311113 11 333333313 3333313113, 3131333333
331331331311 eloquente, 311333 3113 133333 131 mille gredi 11
3331111 311333133113 333333313 eloquente, e 311333133313 3313-
133313 313333313; 131331113 133333 31 muoverebbe 33331 33311
33113 piri 331333313313 13 3313 3113 13 33333, 31 33133 133-
cesso 13113 3133111 333 33333 333113131133333113 vigesima
33313 13113 333 3133113. Ε 331 voglio 3113 3333113313133, 3113
333 3313313 (33333331 13 girl nell· 33333 33 333 31313113 piri
gravi in 1333313 11 131, 3 333 33333333313 per (3311333311-
331311 33113311 31331 13113113, 331 113313333 3331 31313
313331113331311333133111 1333 13 31133113 33333, 333313313 .
senze notabile errore 133 33313 3113 13113 333 13113333 3333
11 momento 13113 33331313 3133111, 31 13 33333333313 13113
33331313 33133111 11 1311 31313113; 3313 3331113133313 troveto
13333333 13113 333311113133331313 3333111 131133333, 11·
13313 13 331331111313 333 3313 3113 33133111 1313333 33333 Ι
3331 13 1331331133 333333113333113 131333 131313 3133111 el·
1333333311333313 33313 13 3133111 131133333131 esempio,
nne 3311311 333313 3333 33313333, 31113113313 33333 pose Ι

3333 11313333113; 3133333 13 331331111311333113 1333133113
333 3313311113 333331333331133313313 come venti 3 tro.
5331.63331133113333331313113 13113 in 333 (3313313333

 

