. (11111111 eume. 97

1111111 11111 1111,,1 11111111111111111 region 11111111
1111111 11111111 (11111111111111111 111 1111111.
81111111 1111111111111111 1111 si 1111111 1111111,
1 111 111 111111111111111111111111111 1111111111111111111
11 questa 11111111111111111111 1111 1111111111111 (111-
1111 11111111111111111 1111111 111111 1111111111111111111
11 grave 1111111 (11111 1111111 11111111 11111 11111111 111-
1111111111 in 11111, quanto fusse 111111111 111111111111111·
11111,11111,11111111111111 1111 11 11 11111111111111111,
11111111111 1111111111 1111111111 11111 111 111111111111,1.11·
11111111111111111111 virui 111 11111 1111111111111 111·
1111111111111111111111 1111111111, 11111111 1111 quel 1111
111 111 vien 11111 11111111111111111 11111111. Per 111111111
dunque 11 11111 111111111111111111111 1111111, 11111111111
111 1111111111 1111111 1111111 quanto 1111111 111111 1111
11111111111111111 11111, 11111111 111111111 1111111 11 su
1111111111111 111 1’ 1111111 1111111111, 1111111111 111 11 11111
111111111111111111 11111 111111 1 1111111111 1111111111111
de 11111111111111111 111 11111 veramente 111 1111111111 ’
11111 1111111111 11111111. Ε 1111111111 111 11 11111111,
111 11 1111111 111111111111111 111 11111, 111111111 (111111
111 1111111111111 11111111111 111 1111111111 1111111111
1111111111 1111111 111-11111 naturale 111111111, 1111111111 11111
quieto (11.1,11111111111 111111111111. 111111 111 1111 11111
quesiti 1111111111 11 1111111, 1111111111111111111111111111-
111111111111111111 1 quei 1111111 111111111 1111111111111
0111111111111 1111 11111111 questioni delle. 1111 11111111
11111111 111 11 voglio 11111111111, 1111111111 111111111111
(1111111111 1111111111, 111 quale io 1111111111111 11111111 1111
ἱ1 1111111111111111111, 11 111 111, materie alcuna 11111
in qualche medodi considerazione 111 1’ 111 11111 1111111.
111111 111 quesiti 11 V. S. 11111111 11111111νί qualche 1111
pensiero sopra alcuni 11111111 1111111ῑί 1111 1111111,11111111
1111111111, 11111 quale 111111111111 11111-1111111111111ς 1
11111111 1111111111 11111 11 essa 111111111 111111111111111
1111111 111111 1111 111111 111111 1111111 11111111111111111

111111 1111111 11 11111111 (111111111111111111111111111111,
“ ’ 1111111111111111. - Τ. xm. 13

 

