111 31313331 3311113313, 3313133

(333 3331331131 31333111333, 3 33313113333, 33133 13 31313333
GC 3113 31313313 (1113333111 3333 BD 31 3333 DA, 3113 e quello
otreio 131313 31313111.1 131333 313 (311, 333 31333 3113 131
porreto 3111133113 13 33113311333 31131 333 3313311 1111111133-
31333 1’ 3331111313 331 33313 C, 3333113 13133133113113 1133·

1133 ΑΒ e 3113 333113 33113 33333331333 (13 131133 31313 33113
31313133, 3 3113 3331 31133333331333133331333333331 333311
31333311 3 3131331 13 333 31313333 333311. Che poili 333311·
3331 An, 1)ss 1133111 13 333 3331, 3 13 333 33113, 3 13 due
(333131113 31 31333 113313 1331311331 3333311133 13 333333-
31331 (3333311113 G, F ). segnilino di 133 i'oqnilibrio (131 33313 C,
333 31333 3113 313 313333 3113 113 33333 dubitare, 3333113 troppo
31331133133333 3311313 113313 333 3131333 3333, 3313 31 11-
13333 13 3133331133 (33331113 31 materia. 1131 3113 333313313
333333 13 3333331 conclusione, 3113 333 3331 (3331113333 31 31333
13333 133311111113 (13 31313333 3311331313133313 113333333ῑί 3113
133 gravilia. ¹

Stabitito dunque 131 3111131313, 313311 3113 3333131113 3113
31113, (1313113133 13311313 13 considerazione come queste 13133,
1331313333, momenti, 113313, 31 333333 considerare 13 33113113
3 33331313 33113 materia, 33 333313 33333313 3 congiunta
333 13 111313113; 33 13 (333313 31333 (3331113331333113113333-
131333333113 ligure considerate 33133131133131·1311,11331313333
313333 3133133331331 313311311 3331333313313 1331313113 ed 13
33333333333 13 3131113. Come 33133313313, 33 331 intendere«
monna 1313, (3331 sarebbe questa ΒΑ (Fla. 15), 13311313 3333333
su 11 33313333 C 313 333113313 3333311313131133313333331),
e 3133113313, 331 dimostrato 311331313, 3113 13 13133 33313 331-
1’ 3311313113 Β 11331313 331 33333313 13 3331313333 331 gravei),
33 11 333 momento 31 momento di 3333 1) abbia 13 3133331333
33333111333 3113 113 13 31313333 AC 3113 31313333 CB3 e qne·
sto 3 1313 333 mellendo 13 considerazione 31111 momenti 3133
(333111 33113 3311331133 13333 13 113 33113 3331313333 13 11, (33331
3113 Ι’ 1313333 131313333 immateriale e 33333 3331113. Μ3 33
3313131131313313 33313 13 3131113 333313 33113 strumento
stesso 33113 1313, 13 (33313 sara 1313131 133333 13113113 3333
31 13113, e 1333113313 3113 3113 13133133 3331331311 peso 33113

 

