140 3111333133113 111313 31131113

moso: 331313 aa 3113313133111313 113133331313133

basi di (1333311111 compresi (1311113 31331 3313113113313111131
1311333311 FB, DG, 331133111 111333333 113 (11 1313 13 medo·
sima 31333111333 3113 3333 131113311133 111311333313 FB 1
sesquialtero 113113 333133131313 FNBA; adunque· 33333113 11.
· prisma secondo 13 11333 parabolica, 33 33 131313 13113 33113.
Di qui si 13113 33133 333 (1131331133 113333113111111 1133-
131113 3313331331333333131111313133311 33313 1111313311
33313 131313 3331131113, 11 3113 331 3311311 3133111,13 33111-
331313 331 133331 13 3313113, 3311 33331 (11 1111131133 piacola:
3113333111 13 331311 1311313113 13 1333313113 11333113 infinitas
133313, 3113313313 333 31 3333111 oi 1313313113.

8133. 133111111333 tante. 3113 133333133333111113 sa«
1311113 11 13313113113 13113. Ma 13, 13331313 queste da banda,
31131 3111 33313 (1131331131 3113 1311333311313313 31133313 33-
33311313 31333111331 333333313. Che 11 133113 secondo 13 (113-
333313 1311 13 31311 1131 3333, 1· intendo 11331331313; macho·
131113, secondo 13 3313131133, 33111 113 1313113 33113 del 311-
3313, 33333 313113113 31 813. 83111311 3331313 13111133, 313 13
31113111 (1311313113 131 331311113 3131313 3313313.

2 8111.- 113113313 dunque 3131 13 111133311311333 33133 -sia
1313 3113 13333333 1131 prisma 33313 questo, 3113 331313311133·
1313313 solido parabolioo, 31313 13113 33113 di 111113 11 311-
3313. 83 di 313113 31113 13113 (11133311313; 13313111 313 33
331111131311313 insieme la 111313311311333, 331 13 quala intanto
311331113333113 311 3311113 oi 33113 1331313 di 1131131313,
33313 da 3333 331111113 113113 83113111 311 ἑ, 3113 33 quante 11·-
333 31 vogliono si 33331313333 3333133313, 3 1· 3333333 313
3333133113 13131133 (11 333113,311 31113113313 31333 31333113.
duna 333313 3113 1113331313,1311311131111113113 queste 33131133
313333113111311 dei quadrati 1113113113 3113 31 3333113331 313 1
3131331311 3313333 bene 31113113111311 di quelli altri 3113 13313·
’ 33, 1131133311 quadrato 113113 313331313. 113313- questo: 813 ⁴io
questo 1311333313 1111111) (13.331-1113111131311333 33131131133
ΑΒ; (1311113133 3131313,11 111333313 misto BAP, i oui· 1311
3333 ΒΡ, ΡΑ, 311333 1311333 3313113Ιί33111, 33331 13 13113
33113 di 13113 11 1311333313 GP. 1133313331111 33 333 ὁ. 1313, saria

 

