31333133 33131. bb

81313.Ρο3311111110 cbo 3113 si 313333333 333113131111
33133111. ’

8333. benissimo. Ed 1 manifesto 3113 131 33133111 3 3331-
3113 31113 1313333 3313331 13 1331331133 3133311333 313 13
1313313333 1311 acqua 3 quello bellaria, 3 313 333313 3311
13 33133111 11 133 3311 33311 “; 131313 3313133313 3 113 3 3
111111313, conforme 3113333313 1111313113, 31 1333311113 c'onclu·
1313 313 13 33113 111333331333113113,11331 33113 31133,
13313 1311331333, 31 133333 333313313 333 3331131311111
33133111, 3311331333 1331311113 33331313 333 133, 3 333 333133
3 331131311331333313 13; 33 311331 333 33133131113 3113
3311 acqua 11 333113 31 3113 131 13333 313 'l’ istesso 313311
331313 3 basso 333 133 31311 11 veloci& il 313333 33313.
ila 311 313 13 polla-del 13333 3333313 3113313,333133313
cbe mi concederetc 313 qualche 31113 33113 131113 31313113
diversa 13113333 31 potrebbe 1133313, 313 3311 acqua 333313333
333131331311 11 33133111. “

8313131131113331 senza 13111113, 133 11 materia 33131111-
33313311 31333 io 333313 1131 legno.

83311. 0333131 quel 31’ 13 3ο 33113313. Ma questa se-
333113 33113, 'cbe 3311 acqua discendo 333 13331311 11 33-
133111, 333 quanta 331331111133331311331131131 11133333 (33
331313 331331 la regola d’Arislolilc) 3113 11333311313 31331
3333311333 venti 33311333 33311 31311 11 3313311133313
331 3131331313 3333333ῑί 3113 33113 11 legno: 3133333 questa
3131113 33331 311 31333 31 3333313333 331 13113 ’333 33331
’ 33133111. 0133313 3333113 11 1133313 questo conclusione con
131113, 333, 3131 mobili di 1133133 3333111 331 3331331313
mezzo 31 33333333 333 diverse 33133111, 3 1133133 13313
33331313333311113131Μ3 33333 mollo 31313313 contem-
plazioni‚ come 33313 331 13113 3 33333331331 accidenti-‘bc'-
quenliesimi 3 331331111331311, e· 333 1131313 3 133 33131,Ι 3113
3311 acqua 31 3333313333 1333 33313 33113 311 ’331333-
133313131131113, 313 313 33113113 331 quel 311 331333 333
33331311131113 11 33 331 centesimo? come, 3313333313, 33
3333 11 marino 33331331 3311 acqua 33313 33113 311 333313 N
3113 313333 11 3311133,333 331 13113 33113113333 11 33311

 

