82 01110031 013113 30303 3310013

10 133333 331 113333, 03113 0111313313313 3’3 033113. Ma 1313
3300013313 313 031 303 mi 33313013 di 31110 33 003311313113
3331133013 01013313133313 331 0330 0333 003310 13 3310313303·
33; 133 003313 113310131113313 3 (131313113313313013 0331 13013
01303110 31133003 3311 31113 10313013 01303303 030 333003
30 10, 33 03330 330303, 33 10 303 1313300 13 00331113 (11 0331-
13113 compressa: ed 3 003313 13033110311033 bisogna 113031
regola, 33113 00310 113 trovato (11 001313 13 due 13331303 ,000-
3011303. L’ 333 (10113 003113 di 0101131 03 31110 311311 113303
0000113311 011130311011310, 3113 31103131313 (131 00313 313
3110113133310 130310 03 31100 (111313, 0113 1131131103 sua 13313
3111113331 1301013113 1131131113, 3 1313130 3 033113 333 331313-
3131330113 313 legato. 003313 secondo fiaseo convien 3113331
1301111313 101310 3010130013 100 13 modo 3113 030 131 1013 si
00333 31311313 03 1110 (11 13110, 331 00313 31 03333, 0030110 030·
13310, 30011 13 (13113 331133113 0311131 1331133113 3003001113
3113 1131131100 0330, 033313 3113113 sia: 103 (1303 033313 33-
333113113300 33330 01330 (130003 3 130010 30110 131113 010113
(113110300001330. Appareeehiato il 10110 33113 31331303113113,
311 30033110 000 10 311131301313113, 13113 escendo 303 1310310
3 passando 331 0330 1131133033, 13 33333031001303110131131
103110; 311 3 1333113310, 13 00301113 (1311330113, 3113 13 131 guise
03113 33331313, 33331 300313 3113 130133 00331113 (1310133113
(1311111113 0330 3303 030113- 8310313 (133003 1313330033101·
3310 3 033303 110333 3113003100 (13113113 3313003333 (1100313
33000300 3113 10333 033310 333113 011133 003 (13113 3013 3130-
’ 1313 ), 3 (13103110 31 modo 013 (11311131313 130333 3003111033
1033113310 003313 essere 11 010313 0330 di 13313 3013 10 13013,
003313 3 13 13013 1131133003 3333313133 3310313; 13 0031303..
’ 33131333 03313130 033313 00113 11 0330330 3331311311 0333
(13113 33111313. 31333;0 33313 311013 00103313 311310130 13313
03113 33330 0111 grave 130003113113013; 13 00313 303 3303
(11331 00113 altrimenti, come. 030 3113 311133333 0013101113, 313
ben 31133 003111333310, 30133 1313 3303113313 3313031131. .
1131110 010110 3 0111 30311110, 3 000331 1313 30300 03333010,
3133 301 001130 accomodate 331 133110 (13110, 03100313303 03-
0113 3113 13311131110 31113 3113 01113 3 003113 3113 3310131133313

 

