31333113 33311. 31111

333 13 33313 vicu 313333, 33333313 3313333 3333111113 11 133· ⁴

3333 3333113333, 13 33313331333313331331313333333 31 33-
33333333, 1333 3 131113 3333313. E 333 33113333313133331-
11333 1313133131 333, 333 3333133 133 33333, 133333333
3333313313. 3333333111 33’ 3313 33331333113313 3 111333113113
11 31333 113 11333313, 1131311113 33333 33 33333 3 33133 1311333
11 333 111133313; 3333333 331 3311 3313313113 (13113 1133331311 33-
131 31133313 duc 3331 333311 ’31 33331 33311, 3331133311 333
11 33133331311 133 vasi di rame, 3131111 133 33331113, 1333
13113 33311 333333311’3313313111113113 1311333, 31 133333 31333,
d· acqua, 3 1311333333111311 1313 secobia pendcvano 13333313
11 1333113113 31333 1331333313 1333, 3113 33311 313 333 311
33333111 311333313 33’ 31133 313111 33331113, 313-33313, 13 33313
133113 3 31331113 3 313333133 ’33113 3113 331313 33331113 3111
(13113 3 31333 1’33333; 3311· 33133313 331 131131133 11333313
13113 11133313 31 133313 33331333333333333311 313133, 3
11 3331 31 13333 31113 31313113 33333, 11 33313 333111313333 313-
313313313 1331331111ᾶί 13113 11 3113133313 13113 133 secchio,

131133333 3 13113 33313. 13 33331113 superiore 333 133313 331 ,

13313 333 1333 13333 3113 313333113 11 33 3311333333 13333,
3 333313 131 1333 31 331333 333133 3 33333331313331133113-
33313311333 333333113 3331333 11 33133133 331, 311313331313
13 111133313 13 3331111313, 3333313 333333313 11 13113 33113 1113-
31333 13113, 333313 331 31 3131333313 secobia superiore‚e 31
13333 1331333 31133333, 13 33313 313313113313 3313333 3 333-
3331313 33113 33331113 13113333, 133313313 11 33131 33333333
1313333· 3331333333 131 momento 13 333313 33313, che bisogno
13333, 3331331113133133311111313, 3331333333 33333 3333 3113
3333111 131 3333333333 131131133 braccio.. 13 33313 33313313
1333113313 3113 3131313131113 3 3133333311113 13 nuova 13313
13113· 33333333 1311’33333; 31 3113 33133313131113, 33333311 333
1113313313 33313313313 31 333313113 10 3 12 11111133, 311313333
31313 11 11133333 3331333313 31131133 3333333333. -

8133133333333 veramente 331 3333 3313313 3133311133-
133313, 3 313 333 31111111 3113313313 13311311 1313 3333-
1131113,

333. 113 31333113, 3133313 1131131131 13 1311313313, 3331 su

 

