· 31333133 33333. 83

3131 3113333, 333 voglio 3133 31 3333133333 (1311333133 senza
1333133 33313 33313 (11. 3313, 13 33313, (13333113 3311333 3113 33-
33333333313 33333, ὁ 13333 3133 31 comprima. Spintavi dun·
333 [3113 33333 3133 313 3333113113, 3133 pure senza 333113 313-
133333133333313113311333 1133 333311 (13113 133313 (131
113333, 31311331 33113 11133313 3 (111133311331133333313 31 33331;
11 3133 13113, tenendo 11 3333 331 3311313 33, 3133331331333113
dando 1’ 333113 3113313, (13113 33313 33 33333333 13333 313-
31333313 333313 ὲ 133333 333133313 331 113333. 1133113 3133
313 1· 3313, 31 13331 3 3331133311 3333 13 1111333131133313 333
13 3331113 (1311· 3313 31 1333333 3113333333 3 (13133113 (131 333·
13333333 11 peso superfluo, (13 3333 3333333 13 33331113 (11 13313
3313, 333313 (1 133333 (131 113333.

snm. Gli 33111131 311333311 (13 331333 31 3331311133 che 3333
31333 3311111 3 333113 13333333133131333133131 pareone 13
3333333333 (11333131333 3311131331333 3111313113113, mi 333113133
333 33 31133 verso 13 confusione. 1333333311 essendo indu·
11131311333313 33333133 gli elementi 33113 proprie regioni 333
3333 313 13331331 nb gravi, 333 33333 1313331333 come, dove
quella 33331333 (13313 3133 33333 3333333, 3. g„ 3331133 (133333-
333 (11 3333, dobba poi 3331333133333131 3333111 33113313,
33113 quale-hen 13 311133313 33333133 13 3331333333ὸ; 3 perh
mi 3333 3133 1333331333311333333 33333 3333113313 333 3311313·
(3331331311’3313,133 13 33 mezzo dove 13113 313333 ’33133333333-
311333 11 333 1313313331 peso, 33 3113 3333333313 33 33331313.

8333. 313313 33313 1 133333131333 (131 Sig. Simplicio, 3
33111 &necessario 3 31333113 313 insolubile 3313313331331333
313 non 1333 3311113. (1133333113313, 13 33313 compressa mo·
31311 333333 333313 333113 3333, 33313 13 11133311 331 333 313·
mento 333313 3111333 3333331333 311333 13 3333, 13 3333 31313·
31331333 3 33311 3331331313 3333313333 333333133 31333333 33
luogo 3 un mezzo, dove 13313 333 men 313313 3333 3313333
33311333 3333133, 3313333111 33113 31 (1113113, 11 mezzo (131333
131 peso (1 ogni materia 3133 31 3’ immerge, 13313 3333131 11
peso d· 31133113313 33313 (13111313333 mezzo, 333313 ὲ 13 33313
133333333; 31 3133 13313 3113313 133313113 13 333311131333-
3331333 (133333, 3331113333 13113 333113333313, 3333333313133

 

